A = [6 , 4 , 8 , 1 , 3 , 1 , 7 , 1 , 2 , 6 , 2;3 , 4 , 2 , 8 , 9 , 1 , 9 , 4 , 4 , 1 , 2;5 , 1 , 7 , 6 , 1 , 6 , 5 , 6 , 2 , 5 , 2;4 , 9 , 5 , 5 , 5 , 1 , 5 , 5 , 5 , 3 , 1;6 , 6 , 8 , 5 , 2 , 9 , 9 , 7 , 4 , 4 , 6;6 , 8 , 8 , 7 , 2 , 9 , 1 , 7 , 1 , 8 , 9;3 , 1 , 4 , 7 , 8 , 8 , 2 , 3 , 4 , 7 , 7;5 , 3 , 9 , 9 , 6 , 2 , 2 , 5 , 1 , 6 , 2;7 , 4 , 4 , 9 , 5 , 7 , 4 , 1 , 8 , 7 , 4;3 , 7 , 7 , 6 , 1 , 6 , 9 , 8 , 3 , 7 , 5;4 , 1 , 2 , 2 , 7 , 5 , 9 , 2 , 5 , 2 , 1];