A = [5, -1, -1
     1,  2,  3
     4,  3,  2]
 B = [0
     14
     16]
 X = []
     